Solution of ODE using RK4 method


y' = (5x**2 - y)/(exp(x+y))



Step sixe = 0.5
(x,y)
[0.5, 1.0, 1.5, 2.0, 2.5, 3.0, 3.5, 4.0, 4.5, 5.0, 5.5, 6.0, 6.5, 7.0, 7.5, 8.0, 8.5, 9.0, 9.5][0.9152944112096051, 1.0818717657432722, 1.3598461304546405, 1.6256674640511162, 1.8420217376063233, 2.0076672593178633, 2.131062096002851, 2.2216266315571676, 2.287425533716351, 2.3348312074246484, 2.368719490411916, 2.3927611739186276, 2.4096901319292336, 2.4215236990267064, 2.4297370765158055, 2.4353991886919975, 2.4392774576493825, 2.4419178355547912, 2.443705289321613]

Step sixe = 0.2
(x,y)
[0.2, 0.4, 0.6000000000000001, 0.8, 1.0, 1.2000000000000002, 1.4000000000000001, 1.6, 1.8, 2.0, 2.2, 2.4000000000000004, 2.6, 2.8000000000000003, 3.0, 3.2, 3.4000000000000004, 3.6, 3.8000000000000003, 4.0, 4.2, 4.4, 4.6000000000000005, 4.800000000000001, 5.0, 5.2, 5.4, 5.6000000000000005, 5.800000000000001, 6.0, 6.2, 6.4, 6.6000000000000005, 6.800000000000001, 7.0, 7.2, 7.4, 7.6000000000000005, 7.800000000000001, 8.0, 8.200000000000001, 8.4, 8.6, 8.8, 9.0, 9.200000000000001, 9.4, 9.600000000000001, 9.8][0.937822293064964, 0.9106493499357283, 0.9272946186851966, 0.9848276787712893, 1.072898407062682, 1.1792281392492647, 1.2932756688798444, 1.4074997753743341, 1.517162449171319, 1.6196329560450649, 1.7136932181290407, 1.7990048260034548, 1.8757449315992636, 1.9443726836369473, 2.0054852279786224, 2.059731619604275, 2.107762967096769, 2.150204787434759, 2.187642768021203, 2.2206164992415425, 2.249617852549742, 2.2750919850180167, 2.2974397531362802, 2.3170208091425746, 2.3341569524235153, 2.349135490537693, 2.3622124745607382, 2.373615739539102, 2.3835477199405304, 2.392188032603199, 2.3996958322843955, 2.406211951485855, 2.4118608392464456, 2.416752314553966, 2.420983149855602, 2.424638499393223, 2.4277931860792, 2.4305128595442227, 2.432855036928591, 2.434870036999125, 2.43660181727233, 2.4380887230114996, 2.4393641562340043, 2.440457172204597, 2.4413930102905828, 2.4421935655052374, 2.4428778065588292, 2.4434621457655243, 2.4439607657145483]

Step sixe = 0.05
(x,y)
[0.05, 0.1, 0.15000000000000002, 0.2, 0.25, 0.30000000000000004, 0.35000000000000003, 0.4, 0.45, 0.5, 0.55, 0.6000000000000001, 0.65, 0.7000000000000001, 0.75, 0.8, 0.8500000000000001, 0.9, 0.9500000000000001, 1.0, 1.05, 1.1, 1.1500000000000001, 1.2000000000000002, 1.25, 1.3, 1.35, 1.4000000000000001, 1.4500000000000002, 1.5, 1.55, 1.6, 1.6500000000000001, 1.7000000000000002, 1.75, 1.8, 1.85, 1.9000000000000001, 1.9500000000000002, 2.0, 2.0500000000000003, 2.1, 2.15, 2.2, 2.25, 2.3000000000000003, 2.35, 2.4000000000000004, 2.45, 2.5, 2.5500000000000003, 2.6, 2.6500000000000004, 2.7, 2.75, 2.8000000000000003, 2.85, 2.9000000000000004, 2.95, 3.0, 3.0500000000000003, 3.1, 3.1500000000000004, 3.2, 3.25, 3.3000000000000003, 3.35, 3.4000000000000004, 3.45, 3.5, 3.5500000000000003, 3.6, 3.6500000000000004, 3.7, 3.75, 3.8000000000000003, 3.85, 3.9000000000000004, 3.95, 4.0, 4.05, 4.1000000000000005, 4.15, 4.2, 4.25, 4.3, 4.3500000000000005, 4.4, 4.45, 4.5, 4.55, 4.6000000000000005, 4.65, 4.7, 4.75, 4.800000000000001, 4.8500000000000005, 4.9, 4.95, 5.0, 5.050000000000001, 5.1000000000000005, 5.15, 5.2, 5.25, 5.300000000000001, 5.3500000000000005, 5.4, 5.45, 5.5, 5.550000000000001, 5.6000000000000005, 5.65, 5.7, 5.75, 5.800000000000001, 5.8500000000000005, 5.9, 5.95, 6.0, 6.050000000000001, 6.1000000000000005, 6.15, 6.2, 6.25, 6.300000000000001, 6.3500000000000005, 6.4, 6.45, 6.5, 6.550000000000001, 6.6000000000000005, 6.65, 6.7, 6.75, 6.800000000000001, 6.8500000000000005, 6.9, 6.95, 7.0, 7.050000000000001, 7.1000000000000005, 7.15, 7.2, 7.25, 7.300000000000001, 7.3500000000000005, 7.4, 7.45, 7.5, 7.550000000000001, 7.6000000000000005, 7.65, 7.7, 7.75, 7.800000000000001, 7.8500000000000005, 7.9, 7.95, 8.0, 8.05, 8.1, 8.15, 8.200000000000001, 8.25, 8.3, 8.35, 8.4, 8.450000000000001, 8.5, 8.55, 8.6, 8.65, 8.700000000000001, 8.75, 8.8, 8.85, 8.9, 8.950000000000001, 9.0, 9.05, 9.1, 9.15, 9.200000000000001, 9.25, 9.3, 9.35, 9.4, 9.450000000000001, 9.5, 9.55, 9.600000000000001, 9.65, 9.700000000000001, 9.75, 9.8, 9.850000000000001, 9.9, 9.950000000000001][0.9821341413677627, 0.9655830050985581, 0.9507012312806775, 0.9377978940567546, 0.9271345456968862, 0.9189234390136819, 0.9133263400869279, 0.9104542505841149, 0.9103682496376903, 0.9130815462186064, 0.9185627148386298, 0.9267399819471791, 0.9375063478310419, 0.9507252759618585, 0.9662366608101512, 0.9838627939019655, 1.0034140805509033, 1.0246943084431854, 1.0475053258392641, 1.071651044215829, 1.0969407320586058, 1.1231916096247838, 1.1502307871673865, 1.1778966112767117, 1.2060394966695775, 1.2345223255922497, 1.2632204958723623, 1.2920216933779658, 1.3208254568088922, 1.3495425936387808, 1.3780944966040465, 1.4064124010614614, 1.4344366152237342, 1.4621157479544928, 1.48940595254175, 1.5162701996581625, 1.542677588483525, 1.5686027016039392, 1.5940250066936303, 1.618928306009596, 1.6433002332736046, 1.6671317964795191, 1.6904169644588576, 1.713152294589816, 1.7353365987833902, 1.7569706447749238, 1.778056889750624, 1.7985992434149918, 1.8186028577324727, 1.8380739407363935, 1.8570195919765284, 1.8754476573631504, 1.8933666013528145, 1.9107853946041762, 1.9277134154074271, 1.9441603633561881, 1.9601361838847002, 1.9756510024353193, 1.9907150671515659, 2.0053386991105926, 2.019532249216389, 2.0333060609719964, 2.046670438436171, 2.059635618748083, 2.0722117486735065, 2.084408864688329, 2.0962368761707566, 2.107705551323014, 2.1188245054872494, 2.1296031915593203, 2.1400508922386994, 2.1501767138833623, 2.159989581765638, 2.1694982365490127, 2.17871123182712, 2.1876369325849256, 2.1962835144587487, 2.2046589636864256, 2.2127710776519205, 2.2206274659401455, 2.2282355518279, 2.2356025741457843, 2.2427355894538605, 2.2496414744808173, 2.2563269287825705, 2.2627984775816747, 2.2690624747537402, 2.275125105931292, 2.2809923916992596, 2.2866701908595983, 2.292164203745451, 2.297479975567847, 2.3026228997801987, 2.3075982214478525, 2.3124110406117224, 2.3170663156365805, 2.3215688665359444, 2.3259233782667024, 2.330134403987678, 2.3342063682772496, 2.338143570305968, 2.341950186960814, 2.3456302759183703, 2.3491877786647173, 2.3526265234603483, 2.3559502282487994, 2.3591625035080632, 2.3622668550441532, 2.365266686726467, 2.368165303164817, 2.3709659123282116, 2.37367162810562, 2.3762854728091214, 2.3788103796199493, 2.381249194978041, 2.383604680915807, 2.3858795173368814, 2.3880763042407027, 2.3901975638937887, 2.3922457429486337, 2.3942232145111695, 2.3961322801577554, 2.39797517190268, 2.399754054117163, 2.4014710254008533, 2.403128120406812, 2.4047273116209746, 2.406270511097079, 2.4077595721480236, 2.4091962909946334, 2.4105824083727754, 2.4119196110997665, 2.4132095336009947, 2.41445375939766, 2.415653822556528, 2.4168112091025673, 2.417927358395327, 2.419003664469895, 2.4200414773432577, 2.4210421042868604, 2.4220068110661646, 2.4229368231479604, 2.423833326876192, 2.4246974706170317, 2.425530365873918, 2.426333088373262, 2.427106679121511, 2.427852145434233, 2.4285704619378925, 2.429262571544938, 2.42992938640285, 2.4305717888177485, 2.4311906321531622, 2.4317867417045487, 2.432360915550136, 2.4329139253786463, 2.433446517294452, 2.433959412600699, 2.4344533085609212, 2.4349288791396626, 2.4353867757226095, 2.4358276278167224, 2.4362520437308506, 2.4366606112373024, 2.4370538982148306, 2.4374324532734866, 2.437796806361784, 2.438147469356609, 2.438484936636296, 2.4388096856372905, 2.4391221773948004, 2.4394228570678402, 2.4397121544490523, 2.4399904844596945, 2.440258247630161, 2.4405158305664085, 2.4407636064026472, 2.4410019352406422, 2.4412311645759757, 2.4414516297116045, 2.4416636541590435, 2.4418675500274967, 2.442063618401253, 2.442252149705656, 2.4424334240619534, 2.442607711631313, 2.4427752729483108, 2.442936359244156, 2.44309121275995, 2.4432400670502314, 2.443383147277088, 2.443520670495086, 2.4436528459272737, 2.443779875232505, 2.4439019527643278, 2.444019265821672, 2.444131994891569, 2.4442403138841264, 2.444344390359982]

Step sixe = 0.01
(x,y)
[0.01, 0.02, 0.03, 0.04, 0.05, 0.06, 0.07, 0.08, 0.09, 0.1, 0.11, 0.12, 0.13, 0.14, 0.15, 0.16, 0.17, 0.18, 0.19, 0.2, 0.21, 0.22, 0.23, 0.24, 0.25, 0.26, 0.27, 0.28, 0.29, 0.3, 0.31, 0.32, 0.33, 0.34, 0.35000000000000003, 0.36, 0.37, 0.38, 0.39, 0.4, 0.41000000000000003, 0.42, 0.43, 0.44, 0.45, 0.46, 0.47000000000000003, 0.48, 0.49, 0.5, 0.51, 0.52, 0.53, 0.54, 0.55, 0.56, 0.5700000000000001, 0.58, 0.59, 0.6, 0.61, 0.62, 0.63, 0.64, 0.65, 0.66, 0.67, 0.68, 0.6900000000000001, 0.7000000000000001, 0.71, 0.72, 0.73, 0.74, 0.75, 0.76, 0.77, 0.78, 0.79, 0.8, 0.81, 0.8200000000000001, 0.8300000000000001, 0.84, 0.85, 0.86, 0.87, 0.88, 0.89, 0.9, 0.91, 0.92, 0.93, 0.9400000000000001, 0.9500000000000001, 0.96, 0.97, 0.98, 0.99, 1.0, 1.01, 1.02, 1.03, 1.04, 1.05, 1.06, 1.07, 1.08, 1.09, 1.1, 1.11, 1.12, 1.1300000000000001, 1.1400000000000001, 1.1500000000000001, 1.16, 1.17, 1.18, 1.19, 1.2, 1.21, 1.22, 1.23, 1.24, 1.25, 1.26, 1.27, 1.28, 1.29, 1.3, 1.31, 1.32, 1.33, 1.34, 1.35, 1.36, 1.37, 1.3800000000000001, 1.3900000000000001, 1.4000000000000001, 1.41, 1.42, 1.43, 1.44, 1.45, 1.46, 1.47, 1.48, 1.49, 1.5, 1.51, 1.52, 1.53, 1.54, 1.55, 1.56, 1.57, 1.58, 1.59, 1.6, 1.61, 1.62, 1.6300000000000001, 1.6400000000000001, 1.6500000000000001, 1.6600000000000001, 1.67, 1.68, 1.69, 1.7, 1.71, 1.72, 1.73, 1.74, 1.75, 1.76, 1.77, 1.78, 1.79, 1.8, 1.81, 1.82, 1.83, 1.84, 1.85, 1.86, 1.87, 1.8800000000000001, 1.8900000000000001, 1.9000000000000001, 1.9100000000000001, 1.92, 1.93, 1.94, 1.95, 1.96, 1.97, 1.98, 1.99, 2.0, 2.0100000000000002, 2.02, 2.0300000000000002, 2.04, 2.05, 2.06, 2.07, 2.08, 2.09, 2.1, 2.11, 2.12, 2.13, 2.14, 2.15, 2.16, 2.17, 2.18, 2.19, 2.2, 2.21, 2.22, 2.23, 2.24, 2.25, 2.2600000000000002, 2.27, 2.2800000000000002, 2.29, 2.3000000000000003, 2.31, 2.32, 2.33, 2.34, 2.35, 2.36, 2.37, 2.38, 2.39, 2.4, 2.41, 2.42, 2.43, 2.44, 2.45, 2.46, 2.47, 2.48, 2.49, 2.5, 2.5100000000000002, 2.52, 2.5300000000000002, 2.54, 2.5500000000000003, 2.56, 2.57, 2.58, 2.59, 2.6, 2.61, 2.62, 2.63, 2.64, 2.65, 2.66, 2.67, 2.68, 2.69, 2.7, 2.71, 2.72, 2.73, 2.74, 2.75, 2.7600000000000002, 2.77, 2.7800000000000002, 2.79, 2.8000000000000003, 2.81, 2.82, 2.83, 2.84, 2.85, 2.86, 2.87, 2.88, 2.89, 2.9, 2.91, 2.92, 2.93, 2.94, 2.95, 2.96, 2.97, 2.98, 2.99, 3.0, 3.0100000000000002, 3.02, 3.0300000000000002, 3.04, 3.0500000000000003, 3.06, 3.0700000000000003, 3.08, 3.09, 3.1, 3.11, 3.12, 3.13, 3.14, 3.15, 3.16, 3.17, 3.18, 3.19, 3.2, 3.21, 3.22, 3.23, 3.24, 3.25, 3.2600000000000002, 3.27, 3.2800000000000002, 3.29, 3.3000000000000003, 3.31, 3.3200000000000003, 3.33, 3.34, 3.35, 3.36, 3.37, 3.38, 3.39, 3.4, 3.41, 3.42, 3.43, 3.44, 3.45, 3.46, 3.47, 3.48, 3.49, 3.5, 3.5100000000000002, 3.52, 3.5300000000000002, 3.54, 3.5500000000000003, 3.56, 3.5700000000000003, 3.58, 3.59, 3.6, 3.61, 3.62, 3.63, 3.64, 3.65, 3.66, 3.67, 3.68, 3.69, 3.7, 3.71, 3.72, 3.73, 3.74, 3.75, 3.7600000000000002, 3.77, 3.7800000000000002, 3.79, 3.8000000000000003, 3.81, 3.8200000000000003, 3.83, 3.84, 3.85, 3.86, 3.87, 3.88, 3.89, 3.9, 3.91, 3.92, 3.93, 3.94, 3.95, 3.96, 3.97, 3.98, 3.99, 4.0, 4.01, 4.0200000000000005, 4.03, 4.04, 4.05, 4.0600000000000005, 4.07, 4.08, 4.09, 4.1, 4.11, 4.12, 4.13, 4.14, 4.15, 4.16, 4.17, 4.18, 4.19, 4.2, 4.21, 4.22, 4.23, 4.24, 4.25, 4.26, 4.2700000000000005, 4.28, 4.29, 4.3, 4.3100000000000005, 4.32, 4.33, 4.34, 4.3500000000000005, 4.36, 4.37, 4.38, 4.39, 4.4, 4.41, 4.42, 4.43, 4.44, 4.45, 4.46, 4.47, 4.48, 4.49, 4.5, 4.51, 4.5200000000000005, 4.53, 4.54, 4.55, 4.5600000000000005, 4.57, 4.58, 4.59, 4.6000000000000005, 4.61, 4.62, 4.63, 4.64, 4.65, 4.66, 4.67, 4.68, 4.69, 4.7, 4.71, 4.72, 4.73, 4.74, 4.75, 4.76, 4.7700000000000005, 4.78, 4.79, 4.8, 4.8100000000000005, 4.82, 4.83, 4.84, 4.8500000000000005, 4.86, 4.87, 4.88, 4.89, 4.9, 4.91, 4.92, 4.93, 4.94, 4.95, 4.96, 4.97, 4.98, 4.99, 5.0, 5.01, 5.0200000000000005, 5.03, 5.04, 5.05, 5.0600000000000005, 5.07, 5.08, 5.09, 5.1000000000000005, 5.11, 5.12, 5.13, 5.14, 5.15, 5.16, 5.17, 5.18, 5.19, 5.2, 5.21, 5.22, 5.23, 5.24, 5.25, 5.26, 5.2700000000000005, 5.28, 5.29, 5.3, 5.3100000000000005, 5.32, 5.33, 5.34, 5.3500000000000005, 5.36, 5.37, 5.38, 5.39, 5.4, 5.41, 5.42, 5.43, 5.44, 5.45, 5.46, 5.47, 5.48, 5.49, 5.5, 5.51, 5.5200000000000005, 5.53, 5.54, 5.55, 5.5600000000000005, 5.57, 5.58, 5.59, 5.6000000000000005, 5.61, 5.62, 5.63, 5.64, 5.65, 5.66, 5.67, 5.68, 5.69, 5.7, 5.71, 5.72, 5.73, 5.74, 5.75, 5.76, 5.7700000000000005, 5.78, 5.79, 5.8, 5.8100000000000005, 5.82, 5.83, 5.84, 5.8500000000000005, 5.86, 5.87, 5.88, 5.89, 5.9, 5.91, 5.92, 5.93, 5.94, 5.95, 5.96, 5.97, 5.98, 5.99, 6.0, 6.01, 6.0200000000000005, 6.03, 6.04, 6.05, 6.0600000000000005, 6.07, 6.08, 6.09, 6.1000000000000005, 6.11, 6.12, 6.13, 6.140000000000001, 6.15, 6.16, 6.17, 6.18, 6.19, 6.2, 6.21, 6.22, 6.23, 6.24, 6.25, 6.26, 6.2700000000000005, 6.28, 6.29, 6.3, 6.3100000000000005, 6.32, 6.33, 6.34, 6.3500000000000005, 6.36, 6.37, 6.38, 6.390000000000001, 6.4, 6.41, 6.42, 6.43, 6.44, 6.45, 6.46, 6.47, 6.48, 6.49, 6.5, 6.51, 6.5200000000000005, 6.53, 6.54, 6.55, 6.5600000000000005, 6.57, 6.58, 6.59, 6.6000000000000005, 6.61, 6.62, 6.63, 6.640000000000001, 6.65, 6.66, 6.67, 6.68, 6.69, 6.7, 6.71, 6.72, 6.73, 6.74, 6.75, 6.76, 6.7700000000000005, 6.78, 6.79, 6.8, 6.8100000000000005, 6.82, 6.83, 6.84, 6.8500000000000005, 6.86, 6.87, 6.88, 6.890000000000001, 6.9, 6.91, 6.92, 6.93, 6.94, 6.95, 6.96, 6.97, 6.98, 6.99, 7.0, 7.01, 7.0200000000000005, 7.03, 7.04, 7.05, 7.0600000000000005, 7.07, 7.08, 7.09, 7.1000000000000005, 7.11, 7.12, 7.13, 7.140000000000001, 7.15, 7.16, 7.17, 7.18, 7.19, 7.2, 7.21, 7.22, 7.23, 7.24, 7.25, 7.26, 7.2700000000000005, 7.28, 7.29, 7.3, 7.3100000000000005, 7.32, 7.33, 7.34, 7.3500000000000005, 7.36, 7.37, 7.38, 7.390000000000001, 7.4, 7.41, 7.42, 7.43, 7.44, 7.45, 7.46, 7.47, 7.48, 7.49, 7.5, 7.51, 7.5200000000000005, 7.53, 7.54, 7.55, 7.5600000000000005, 7.57, 7.58, 7.59, 7.6000000000000005, 7.61, 7.62, 7.63, 7.640000000000001, 7.65, 7.66, 7.67, 7.68, 7.69, 7.7, 7.71, 7.72, 7.73, 7.74, 7.75, 7.76, 7.7700000000000005, 7.78, 7.79, 7.8, 7.8100000000000005, 7.82, 7.83, 7.84, 7.8500000000000005, 7.86, 7.87, 7.88, 7.890000000000001, 7.9, 7.91, 7.92, 7.930000000000001, 7.94, 7.95, 7.96, 7.97, 7.98, 7.99, 8.0, 8.01, 8.02, 8.03, 8.040000000000001, 8.05, 8.06, 8.07, 8.08, 8.09, 8.1, 8.11, 8.120000000000001, 8.13, 8.14, 8.15, 8.16, 8.17, 8.18, 8.19, 8.2, 8.21, 8.22, 8.23, 8.24, 8.25, 8.26, 8.27, 8.28, 8.290000000000001, 8.3, 8.31, 8.32, 8.33, 8.34, 8.35, 8.36, 8.370000000000001, 8.38, 8.39, 8.4, 8.41, 8.42, 8.43, 8.44, 8.45, 8.46, 8.47, 8.48, 8.49, 8.5, 8.51, 8.52, 8.53, 8.540000000000001, 8.55, 8.56, 8.57, 8.58, 8.59, 8.6, 8.61, 8.620000000000001, 8.63, 8.64, 8.65, 8.66, 8.67, 8.68, 8.69, 8.700000000000001, 8.71, 8.72, 8.73, 8.74, 8.75, 8.76, 8.77, 8.78, 8.790000000000001, 8.8, 8.81, 8.82, 8.83, 8.84, 8.85, 8.86, 8.870000000000001, 8.88, 8.89, 8.9, 8.91, 8.92, 8.93, 8.94, 8.950000000000001, 8.96, 8.97, 8.98, 8.99, 9.0, 9.01, 9.02, 9.03, 9.040000000000001, 9.05, 9.06, 9.07, 9.08, 9.09, 9.1, 9.11, 9.120000000000001, 9.13, 9.14, 9.15, 9.16, 9.17, 9.18, 9.19, 9.200000000000001, 9.21, 9.22, 9.23, 9.24, 9.25, 9.26, 9.27, 9.28, 9.290000000000001, 9.3, 9.31, 9.32, 9.33, 9.34, 9.35, 9.36, 9.370000000000001, 9.38, 9.39, 9.4, 9.41, 9.42, 9.43, 9.44, 9.450000000000001, 9.46, 9.47, 9.48, 9.49, 9.5, 9.51, 9.52, 9.53, 9.540000000000001, 9.55, 9.56, 9.57, 9.58, 9.59, 9.6, 9.61, 9.620000000000001, 9.63, 9.64, 9.65, 9.66, 9.67, 9.68, 9.69, 9.700000000000001, 9.71, 9.72, 9.73, 9.74, 9.75, 9.76, 9.77, 9.78, 9.790000000000001, 9.8, 9.81, 9.82, 9.83, 9.84, 9.85, 9.86, 9.870000000000001, 9.88, 9.89, 9.9, 9.91, 9.92, 9.93, 9.94, 9.950000000000001, 9.96, 9.97, 9.98, 9.99][0.9963401568604116, 0.9927204223545115, 0.9891440539928853, 0.9856142402381679, 0.9821341002203805, 0.9787066833831325, 0.9753349690683113, 0.9720218660467267, 0.9687702120020308, 0.9655827729750884, 0.9624622427758267, 0.9594112423694526, 0.9564323192437739, 0.9535279467642124, 0.9507005235229391, 0.9479523726884003, 0.9452857413613294, 0.9427027999431653, 0.9402056415226061, 0.9377962812858325, 0.9354766559557254, 0.9332486232651865, 0.9311139614694419, 0.9290743689019691, 0.9271314635784415, 0.9252867828528236, 0.9235417831294856, 0.921897839634924, 0.920356246252396, 0.9189182154224798, 0.9175848781122733, 0.9163572838556429, 0.915236400866621, 0.914223116227743, 0.9133182361547967, 0.9125224863391431, 0.9118365123684539, 0.9112608802263942, 0.9107960768714732, 0.9104425108949744, 0.910200513257579, 0.9100703381040023, 0.9100521636546741, 0.9101460931732198, 0.9103521560082307, 0.9106703087075566, 0.9111004362031108, 0.9116423530639475, 0.9122958048151564, 0.9130604693199164, 0.9139359582218659, 0.9149218184447778, 0.9160175337463715, 0.9172225263229602, 0.9185361584615098, 0.9199577342355844, 0.9214865012415662, 0.9231216523714704, 0.9248623276186223, 0.9267076159124298, 0.9286565569784633, 0.9307081432200547, 0.9328613216176349, 0.9351149956420602, 0.9374680271782141, 0.9399192384552273, 0.9424674139797257, 0.9451113024685912, 0.9478496187778123, 0.950681045824098, 0.9536042364960392, 0.9566178155517162, 0.959720381499776, 0.9629105084611329, 0.9661867480085832, 0.9695476309817636, 0.9729916692750301, 0.9765173575959791, 0.9801231751924844, 0.9838075875462745, 0.9875690480312272, 0.9914059995347084, 0.9953168760404357, 0.9993001041714975, 1.0033541046923031, 1.0074772939683896, 1.0116680853831488, 1.0159248907106817, 1.02024612144412, 1.0246301900788854, 1.0290755113504855, 1.0335805034265673, 1.0381435890530637, 1.0427631966543813, 1.047437761387685, 1.0521657261514343, 1.0569455425484202, 1.0617756718036448, 1.066654585637465, 1.0715807670945015, 1.0765527113288904, 1.0815689263465145, 1.0866279337049183, 1.0917282691716665, 1.096868483341954, 1.102047142216322, 1.1072628277393788, 1.1125141383004544, 1.1177996891971542, 1.1231181130628016, 1.1284680602587822, 1.1338481992328222, 1.1392572168442465, 1.1446938186572748, 1.150156729203421, 1.1556446922140649, 1.16115647082427, 1.1666908477489133, 1.1722466254321946, 1.1778226261715867, 1.1834176922172726, 1.1890306858481103, 1.1946604894251553, 1.2003060054237458, 1.2059661564451531, 1.2116398852087709, 1.2173261545258045, 1.2230239472553994, 1.228732266244127, 1.2344501342497238, 1.2401765938499603, 1.2459107073374873, 1.25165155660149, 1.2573982429969521, 1.2631498872023084, 1.2689056290662417, 1.2746646274443545, 1.2804260600264186, 1.2861891231548863, 1.2919530316353183, 1.2977170185393592, 1.303480335000871, 1.309242250005807, 1.3150020501763857, 1.3207590395501054, 1.3265125393541102, 1.3322618877754016, 1.3380064397273659, 1.3437455666130662, 1.349478656085725, 1.3552051118068071, 1.3609243532020894, 1.3666358152160845, 1.3723389480651695, 1.3780332169897482, 1.3837181020057623, 1.389393097655846, 1.395057712760404, 1.400711470168877, 1.4063539065114399, 1.4119845719513695, 1.4176030299382967, 1.42320885696255, 1.4288016423107814, 1.434380987823052, 1.4399465076515452, 1.445497828021062, 1.4510345869914398, 1.4565564342220303, 1.4620630307383553, 1.467554048701056, 1.4730291711772372, 1.478488091914299, 1.4839305151163458, 1.4893561552232437, 1.494764736692403, 1.500155993783343, 1.5055296703450953, 1.5108855196064965, 1.5162233039694109, 1.52154279480492, 1.5268437722525108, 1.5321260250222866, 1.5373893502002234, 1.5426335530564868, 1.5478584468568197, 1.5530638526770109, 1.5582495992204455, 1.5634155226387392, 1.5685614663554512, 1.57368728089287, 1.5787928237018611, 1.5838779589947667, 1.588942557581338, 1.5939864967076876, 1.5990096598982375, 1.6040119368006442, 1.6089932230336756, 1.613953420038014, 1.618892434929959, 1.6238101803580016, 1.628706574362239, 1.633581540236598, 1.6384350063938382, 1.643266906233297, 1.6480771780113463, 1.6528657647145244, 1.657632613935306, 1.662377677750477, 1.6671009126020757, 1.6718022791808613, 1.676481742312277, 1.6811392708448658, 1.6857748375411006, 1.6903884189705936, 1.694979995405644, 1.6995495507190859, 1.7040970722843984, 1.7086225508780388, 1.713125980583961, 1.7176073587002807, 1.7220666856480489, 1.726503964882096, 1.730919202803908, 1.7353124086764995, 1.7396835945412426, 1.744032775136618, 1.7483599678188506, 1.7526651924843921, 1.7569484714942165, 1.7612098295998917, 1.7654492938713926, 1.7696668936266209, 1.7738626603625967, 1.7780366276882882, 1.7821888312590475, 1.7863193087126166, 1.7904280996066735, 1.794515245357885, 1.798580789182436, 1.8026247760380014, 1.8066472525671335, 1.8106482670420316, 1.8146278693106654, 1.818586110744224, 1.8225230441858598, 1.8264387239006996, 1.830333205527097, 1.8342065460290957, 1.838058803650079, 1.8418900378675787, 1.8457003093492184, 1.8494896799097635, 1.8532582124692556, 1.8570059710122044, 1.8607330205478168, 1.8644394270712346, 1.8681252575257628, 1.8717905797660628, 1.8754354625222887, 1.8790599753651462, 1.8826641886718525, 1.8862481735929741, 1.889812002020127, 1.8933557465545128, 1.8968794804762779, 1.9003832777146707, 1.9038672128189826, 1.907331360930251, 1.9107757977537083, 1.9142005995319595, 1.9176058430188694, 1.9209916054541438, 1.9243579645385887, 1.9277049984100294, 1.9310327856198766, 1.9343414051103207, 1.9376309361921424, 1.9409014585231226, 1.9441530520870371, 1.9473857971732256, 1.9505997743567147, 1.9537950644788886, 1.9569717486286884, 1.9601299081243302, 1.9632696244955299, 1.9663909794662195, 1.969494054937746, 1.9725789329725385, 1.9756456957782347, 1.978694425692253, 1.9817252051668008, 1.9847381167543086, 1.9877332430932768, 1.9907106668945291, 1.9936704709278592, 1.9966127380090617, 1.9995375509873392, 2.0024449927330754, 2.005335146125963, 2.008208094043482, 2.0110639193497164, 2.0139027048845004, 2.0167245334528885, 2.01952948781494, 2.0223176506758094, 2.0250891046761375, 2.0278439323827313, 2.0305822162795297, 2.0333040387588457, 2.0360094821128794, 2.0386986285254927, 2.0413715600642415, 2.0440283586726586, 2.046669106162778, 2.0492938842079003, 2.051902774335585, 2.0544958579208736, 2.057073216179728, 2.0596349301626864, 2.062181080748727, 2.064711748639334, 2.0672270143527625, 2.069726958218499, 2.072211660371906, 2.0746812007490534, 2.0771356590817263, 2.0795751148926085, 2.081999647490635, 2.0844093359665092, 2.086804259188381, 2.089184495797683, 2.091550124205118, 2.093901222586796, 2.0962378688805146, 2.0985601407821823, 2.1008681157423794, 2.1031618709630493, 2.105441483394324, 2.107707029731475, 2.1099585864119867, 2.112196229612751, 2.1144200352473788, 2.1166300789636265, 2.118826436140931, 2.1210091818880548, 2.123178391040836, 2.1253341381600386, 2.1274764975293063, 2.129605543153209, 2.1317213487553857, 2.1338239877767795, 2.135913533373962, 2.1379900584175413, 2.14005363549066, 2.142104336887572, 2.144142234612298, 2.1461674003773634, 2.1481799056026074, 2.150179821414068, 2.152167218642938, 2.154142167824591, 2.1561047391976746, 2.15805500270327, 2.159993027984114, 2.1619188843838866, 2.1638326409465543, 2.165734366415776, 2.1676241292343654, 2.1695019975438066, 2.1713680391838266, 2.173222321692018, 2.1750649123035135, 2.1768958779507104, 2.1787152852630416, 2.1805232005667947, 2.182319689884975, 2.184104818937214, 2.1858786531397194, 2.1876412576052675, 2.1893926971432336, 2.1911330362596653, 2.1928623391573896, 2.1945806697361596, 2.196288091592835, 2.1979846680215984, 2.199670462014204, 2.2013455362602605, 2.203009953147543, 2.204663774762338, 2.206307062889816, 2.207939879014434, 2.209562284320365, 2.211174339691955, 2.2127761057142052, 2.2143676426732806, 2.215949010557041, 2.2175202690555995, 2.2190814775618986, 2.2206326951723123, 2.222173980687268, 2.22370539261189, 2.2252269891566616, 2.2267388282381075, 2.2282409674794943, 2.22973346421155, 2.231216375473199, 2.232689758012316, 2.2341536682864946, 2.235608162463831, 2.2370532964237246, 2.238489125757693, 2.2399157057701986, 2.24133309147949, 2.2427413376184573, 2.2441404986354985, 2.245530628695399, 2.24691178168022, 2.248284011190202, 2.2496473705446753, 2.251001912782983, 2.252347690665412, 2.253684756674134, 2.2550131630141568, 2.256332961614282, 2.2576442041280713, 2.2589469419348216, 2.260241226140548, 2.261527107578971, 2.2628046368125143, 2.264073864133305, 2.2653348395641846, 2.266587612859721, 2.2678322335072294, 2.2690687507277967, 2.270297213477312, 2.2715176704475004, 2.272730170066962, 2.2739347605022155, 2.2751314896587442, 2.2763204051820467, 2.2775015544586914, 2.2786749846173717, 2.279840742529968, 2.2809988748126075, 2.2821494278267322, 2.2832924476801635, 2.284427980228172, 2.2855560710745495, 2.2866767655726807, 2.287790108826618, 2.2888961456921564, 2.2899949207779096, 2.2910864784463882, 2.2921708628150785, 2.2932481177575195, 2.294318286904383, 2.2953814136445536, 2.296437541126208, 2.297486712257894, 2.298528969709612, 2.299564355913891, 2.30059291306687, 2.301614683129376, 2.3026297078280007, 2.3036380286561773, 2.3046396868752574, 2.3056347235155856, 2.306623179377573, 2.307605095032769, 2.3085805108249344, 2.30954946687111, 2.3105120030626844, 2.311468159066463, 2.3124179743257303, 2.3133614880613136, 2.314298739272646, 2.3152297667388244, 2.3161546090196667, 2.317073304456767, 2.3179858911745495, 2.318892407081318, 2.3197928898703055, 2.3206873770207195, 2.321575905798785, 2.322458513258787, 2.3233352362441084, 2.324206111388264, 2.325071175115937, 2.325930463644007, 2.3267840129825768, 2.3276318589360003, 2.3284740371039017, 2.3293105828821945, 2.3301415314640987, 2.330966917841153, 2.331786776804224, 2.3326011429445144, 2.3334100506545647, 2.3342135341292547, 2.3350116273668, 2.335804364169747, 2.3365917781459613, 2.337373902709618, 2.338150771082183, 2.3389224162933955, 2.339688871182243, 2.340450168397937, 2.3412063404008827, 2.341957419463646, 2.3427034376719154, 2.343444426925464, 2.3441804189391053, 2.3449114452436444, 2.3456375371868288, 2.346358725934293, 2.347075042470502, 2.3477865175996877, 2.3484931819467847, 2.3491950659583622, 2.3498921999035502, 2.3505846138749638, 2.351272337789623, 2.3519554013898705, 2.3526338342442825, 2.3533076657485794, 2.353976925126531, 2.354641641430856, 2.3553018435441238, 2.355957560179646, 2.356608819882367, 2.3572556510297518, 2.3578980818326687, 2.3585361403362683, 2.35916985442086, 2.359799251802782, 2.3604243600352715, 2.3610452065093273, 2.3616618184545723, 2.3622742229401084, 2.362882446875371, 2.363486517010978, 2.3640864599395757, 2.36468230209668, 2.3652740697615147, 2.3658617890578477, 2.36644548595482, 2.367025186267773, 2.3676009156590725, 2.368172699638927, 2.368740563566206, 2.3693045326492497, 2.3698646319466787, 2.370420886368199, 2.370973320675403, 2.3715219594825663, 2.3720668272574432, 2.3726079483220555, 2.373145346853479, 2.373679046884627, 2.374209072305029, 2.374735446861607, 2.375258194159447, 2.3757773376625666, 2.3762929006946822, 2.376804906439968, 2.3773133779438136, 2.3778183381135793, 2.3783198097193465, 2.378817815394663, 2.3793123776372878, 2.379803518809931, 2.380291261140989, 2.3807756267252786, 2.381256637524766, 2.381734315369291, 2.382208681957292, 2.382679758856523, 2.383147567504769, 2.3836121292105594, 2.384073465153875, 2.384531596386853, 2.384986543834491, 2.3854383282953413, 2.3858869704422103, 2.3863324908228467, 2.3867749098606303, 2.3872142478552583, 2.387650524983424, 2.3880837612994985, 2.3885139767362022, 2.3889411911052783, 2.3893654240981594, 2.389786695286634, 2.3902050241235075, 2.3906204299432603, 2.391032931962703, 2.391442549281629, 2.3918493008834627, 2.392253205635904, 2.3926542822915726, 2.3930525494886457, 2.393448025751494, 2.3938407294913153, 2.3942306790067627, 2.394617892484573, 2.3950023880001887, 2.3953841835183787, 2.3957632968938554, 2.396139745871889, 2.3965135480889184, 2.396884721073159, 2.397253282245208, 2.397619248918647, 2.397982638300639, 2.3983434674925252, 2.3987017534904194, 2.399057513185795, 2.3994107633660757, 2.399761520715215, 2.4001098018142817, 2.400455623142035, 2.4007990010755007, 2.401139951890544, 2.4014784917624383, 2.401814636766433, 2.402148402878314, 2.4024798059749695, 2.402808861834943, 2.4031355861389914, 2.4034599944706376, 2.4037821023167183, 2.404101925067932, 2.4044194780193826, 2.4047347763711207, 2.4050478352286824, 2.405358669603624, 2.4056672944140574, 2.4059737244851767, 2.4062779745497895, 2.4065800592488396, 2.4068799931319296, 2.4071777906578413, 2.4074734661950523, 2.407767034022249, 2.4080585083288395, 2.4083479032154638, 2.408635232694497, 2.408920510690556, 2.409203751040999, 2.4094849674964256, 2.4097641737211717, 2.410041383293804, 2.41031660970761, 2.410589866371088, 2.410861166608431, 2.411130523660013, 2.4113979506828667, 2.4116634607511647, 2.411927066856695, 2.4121887819093333, 2.412448618737516, 2.412706590088707, 2.4129627086298657, 2.4132169869479108, 2.4134694375501806, 2.413720072864893, 2.413968905241602, 2.4142159469516518, 2.41446121018863, 2.414704707068816, 2.414946449631629, 2.415186449840072, 2.4154247195811775, 2.4156612706664435, 2.4158961148322753, 2.4161292637404195, 2.416360728978398, 2.4165905220599404, 2.416818654425411, 2.4170451374422366, 2.4172699824053328, 2.417493200537524, 2.4177148029899644, 2.4179348008425565, 2.4181532051043666, 2.4183700267140384, 2.4185852765402043, 2.4187989653818955, 2.4190111039689484, 2.41922170296241, 2.4194307729549407, 2.419638324471215, 2.419844367968322, 2.4200489138361587, 2.420251972397827, 2.420453553910026, 2.4206536685634417, 2.420852326483135, 2.42104953772893, 2.4212453122957953, 2.42143966011423, 2.4216325910506393, 2.4218241149077175, 2.4220142414248214, 2.4222029802783447, 2.422390341082091, 2.422576333387644, 2.4227609666847356, 2.4229442504016125, 2.423126193905401, 2.4233068065024685, 2.423486097438785, 2.4236640759002817, 2.4238407510132074, 2.4240161318444837, 2.424190227402058, 2.424363046635254, 2.4245345984351223, 2.424704891634787, 2.4248739350097908, 2.425041737278439, 2.425208307102142, 2.4253736530857553, 2.4255377837779166, 2.4257007076713832, 2.4258624332033665, 2.426022968755865, 2.4261823226559946, 2.4263405031763186, 2.426497518535175, 2.426653376897003, 2.426808086372665, 2.426961655019771, 2.427114090842998, 2.4272654017944095, 2.4274155957737715, 2.4275646806288695, 2.427712664155821, 2.4278595540993875, 2.4280053581532854, 2.4281500839604946, 2.4282937391135646, 2.4284363311549213, 2.42857786757717, 2.428718355823396, 2.428857803287468, 2.428996217314334, 2.4291336052003194, 2.429269974193424, 2.429405331493613, 2.4295396842531125, 2.429673039576698, 2.4298054045219843, 2.429936786099713, 2.4300671912740386, 2.4301966269628132, 2.4303251000378685, 2.4304526173252987, 2.4305791856057386, 2.430704811614643, 2.430829502042563, 2.4309532635354225, 2.431076102694789, 2.431198026078149, 2.4313190401991776, 2.4314391515280063, 2.4315583664914935, 2.4316766914734886, 2.4317941328150985, 2.431910696814949, 2.432026389729449, 2.4321412177730495, 2.4322551871185025, 2.43236830389712, 2.4324805741990296, 2.4325920040734275, 2.432702599528835, 2.432812366533348, 2.432921311014889, 2.433029438861455, 2.4331367559213675, 2.4332432680035163, 2.433348980877606, 2.4334539002743996, 2.43355803188596, 2.4336613813658934, 2.433763954329585, 2.4338657563544412, 2.433966792980124, 2.434067069708788, 2.434166592005313, 2.4342653652975406, 2.4343633949765016, 2.4344606863966494, 2.434557244876088, 2.4346530756968, 2.4347481841048726, 2.434842575310724, 2.434936254489327, 2.4350292267804305, 2.4351214972887836, 2.4352130710843536, 2.4353039532025456, 2.435394148644421, 2.435483662376913, 2.4355724993330425, 2.4356606644121324, 2.43574816248002, 2.4358349983692684, 2.4359211768793783, 2.4360067027769956, 2.4360915807961208, 2.4361758156383155, 2.436259411972908, 2.4363423744371975, 2.4364247076366583, 2.4365064161451415, 2.436587504505076, 2.43666797722767, 2.436747838793106, 2.4368270936507432, 2.4369057462193107, 2.4369838008871034, 2.4370612620121777, 2.4371381339225433, 2.4372144209163555, 2.437290127262107, 2.4373652571988162, 2.437439814936217, 2.437513804654947, 2.4375872305067325, 2.4376600966145747, 2.437732407072935, 2.4378041659479166, 2.4378753772774493, 2.437946045071468, 2.4380161733120946, 2.4380857659538164, 2.4381548269236655, 2.438223360121394, 2.4382913694196504, 2.4383588586641567, 2.4384258316738796, 2.4384922922412056, 2.4385582441321114, 2.4386236910863364, 2.438688636817551, 2.438753085013527, 2.4388170393363047, 2.4388805034223604, 2.438943480882773, 2.4390059753033864, 2.4390679902449777, 2.439129529243417, 2.4391905958098308, 2.4392511934307635, 2.4393113255683367, 2.43937099566041, 2.439430207120737, 2.4394889633391257, 2.4395472676815926, 2.4396051234905194, 2.4396625340848073, 2.439719502760031, 2.4397760327885925, 2.4398321274198698, 2.439887789880372, 2.4399430233738864, 2.4399978310816293, 2.440052216162394, 2.440106181752698, 2.440159730966929, 2.440212866897493, 2.440265592614957, 2.4403179111681914, 2.440369825584518, 2.4404213388698484, 2.4404724540088254, 2.440523173964966, 2.4405735016807997, 2.4406234400780065, 2.4406729920575563, 2.4407221604998455, 2.4407709482648334, 2.4408193581921784, 2.4408673931013722, 2.440915055791873, 2.44096234904324, 2.441009275615265, 2.4410558382481042, 2.4411020396624084, 2.441147882559453, 2.4411933696212684, 2.4412385035107667, 2.4412832868718697, 2.441327722329637, 2.4413718124903894, 2.4414155599418375, 2.441458967253203, 2.4415020369753453, 2.441544771640882, 2.441587173764312, 2.441629245842139, 2.4416709903529883, 2.4417124097577303, 2.441753506499598, 2.4417942830043065, 2.4418347416801693, 2.4418748849182177, 2.441914715092315, 2.441954234559273, 2.4419934456589676, 2.442032350714452, 2.4420709520320703, 2.4421092519015715, 2.4421472525962202, 2.4421849563729094, 2.4422223654722695, 2.44225948211878, 2.442296308520878, 2.4423328468710674, 2.4423690993460268, 2.4424050681067166, 2.442440755298486, 2.4424761630511784, 2.4425112934792383, 2.442546148681814, 2.442580730742863, 2.4426150417312558, 2.4426490837008767, 2.442682858690728, 2.4427163687250304, 2.4427496158133244, 2.44278260195057, 2.4428153291172467, 2.4428477992794524, 2.4428800143890013, 2.442911976383522, 2.4429436871865557, 2.4429751487076503, 2.443006362842458, 2.4430373314728304, 2.4430680564669136, 2.4430985396792404, 2.4431287829508266, 2.4431587881092613, 2.443188556968801, 2.4432180913304604, 2.443247392982104, 2.4432764636985373, 2.4433053052415947, 2.443333919360231, 2.4433623077906095, 2.4433904722561905, 2.4434184144678195, 2.4434461361238125, 2.443473638910045, 2.4435009245000363, 2.443527994555037, 2.443554850724111, 2.443581494644223, 2.4436079279403207, 2.4436341522254184, 2.4436601691006796, 2.4436859801555006, 2.443711586967591, 2.4437369911030546, 2.4437621941164718, 2.443787197550978, 2.4438120029383454, 2.443836611799059, 2.4438610256423985, 2.4438852459665146, 2.443909274258507, 2.4439331119945025, 2.44395676063973, 2.443980221648598, 2.4440034964647697, 2.4440265865212383, 2.4440494932404015, 2.4440722180341363, 2.4440947623038722, 2.444117127440664, 2.444139314825266, 2.444161325828203, 2.4441831618098417, 2.4442048241204644, 2.4442263141003373, 2.4442476330797827, 2.444268782379248, 2.444289763309376, 2.444310577171073, 2.4443312252555773, 2.4443517088445295, 2.4443720292100375, 2.4443921876147456, 2.4444121853119003, 2.444432023545417]